8544
4265
1116
5169
5606
3658
4252
6727
4603
4898
4694
5074
8993
7702
3461
1529
6350
6652
7859
4006
2611
646
5092
6631
719
1512
7761
3749
349
2697
3578
8481
9755
1942
9112
6440
6575
2247
1611
8382
356
8869
6600
3263
3458
7718
1634
9719
4720
781
3754
9151
1348
2224
9719
4602
1043
3968
9728
7964
8109
7014
5257
2052
2801
9156
8473
4325
7677
9852
7500
7310
6996
994
5418
5284
2071
6654
6201
5443
3330
9718
3775
9283
9199
9123
9114
5433
9592
6461
3236
4307
930
7979
2529
9864
1129
7588
6172
5041
2928
497
8030
5488
9554
8843
4520
5391
9207
2341
4622
1103
6990
9986
1415
3177
2498
8406
7510
9087
7434
3315
9031
1501
1893
4552
123
5920
912
7553
3926
7158
4810
9817
8320
3625
4085
7969
9258
1248
1114
3158
4423
2311
4296
1219
1086
1964
8812
4920
1972
7024
1140
3021
7070
5097
3186
61
5601
199
408
6295
9902
7130
4914
2928
147
1173
7669
2560
6962
7349
6983
3559
436
6176
2107
1037
4710
1893
6526
7880
7932
9446
2771
3759
3763
4057
5465
4556
2121
4182
604
6279
5953
1001
6711
3790
9829
1847
8409
2029
3120
8832
5110
8543
4148
5782
1068
1223
2364
7097
9724
3222
883
5289
3706
5112
4736
6934
202
5220
144
8084
3510
8605
1441
994
9370
6908
9277
9805
9902
4419
3495
7665
3966
889
6054
1244
85
7723
1636
4065
4367
4020
9157
4993
820
1883
4826
7402
7336
4254
6791
3624
7691
4065
3886
7864
1173
94
3235
9002
7829
2999
4767
9226
3900
4985
541
3121
1851
6175
1034
4404
3823
5595
6678
7734
7542
274
5325
4251
5915
1641
8186
1260
9969
5912
1077
1306
7811
4478
7579
3834
7835
5201
5599
8486
8193
7468
9302
1765
4556
6383
3811
4842
8867
6584
7442
1423
26
6181
2265
1394
2398
1732
4350
182
5427
3264
6200
5080
2375
8966
7187
8496
2119
9853
8340
5532
6474
3814
2387
739
173
3373
9671
4460
2147
1693
3805
8244
986
2426
9839
7863
7881
8366
9840
3853
171
5995
9947
6356
2603
5773
3599
389
3905
3773
7316
8338
1310
48
9920
2343
7236
8040
1999
226
6488
6181
8193
815
6920
8764
9746
5042
3634
4221
340
6174
9628
9844
9462
1894
874
5960
5655
2888
4673
2414
6069
7233
9910
2739
4852
374
7003
9265
6167
1460
6586
5847
3097
1558
7057
1871
7371
2202
2801
5287
4369
842
9185
5776
8337
3577
6970
2835
7795
9161
9694
918
7359
2133
4119
1766
5737
2903
7287
4565
2287
2603
7312
9804
4903
3333
7179
8126
78
967
8702
8099
4980
2001
8020
3390
2147
8405
847
1314
1759
2820
5262
1360
7628
9138
3195
320
6721
1203
1396
3914
8628
3215
8177
474
1769
1564
1328
5296
6157
5318
3762
6973
1887
3588
1864
269
150
8497
8808
8563
3182
4511
3167
8270
5298
1165
1033
2139
6492
815
6427
1449
5439
740
